
[[0], [0], [1], [2], [2], [3], [5], [5], [8], [8], [14], [10], [15], [18], [15], [28], [19], [34], [30], [27], [38], [25], [26], [16], [7], [13], [13], [9], [13], [3], [3], [2], [1], [2], [0], [0], [0]]
[[0], [0], [0], [1], [3], [3], [2], [9], [3], [8], [14], [10], [19], [17], [22], [35], [28], [15], [23], [22], [28], [28], [21], [22], [20], [19], [9], [18], [7], [4], [2], [7], [2], [0], [0], [0], [1]]
[[0], [0], [0], [1], [2], [2], [5], [3], [12], [12], [16], [16], [17], [21], [19], [20], [21], [24], [33], [28], [19], [27], [27], [23], [15], [12], [10], [6], [5], [4], [6], [1], [1], [1], [0], [0], [0]]
[[0], [1], [0], [1], [1], [1], [5], [6], [4], [9], [16], [16], [24], [19], [22], [28], [25], [33], [28], [22], [30], [33], [25], [19], [22], [12], [11], [6], [8], [4], [4], [2], [0], [3], [0], [0], [0]]
[[0], [0], [1], [1], [3], [3], [2], [7], [6], [18], [6], [13], [19], [17], [22], [24], [28], [19], [37], [22], [20], [28], [18], [22], [13], [16], [7], [12], [4], [4], [0], [4], [0], [2], [0], [0], [0]]
[[1], [0], [1], [1], [1], [2], [2], [2], [8], [15], [12], [8], [13], [22], [18], [20], [15], [24], [31], [20], [33], [23], [24], [24], [13], [10], [12], [9], [7], [4], [1], [3], [1], [1], [1], [0], [0]]
[[0], [0], [0], [0], [0], [0], [3], [6], [7], [8], [5], [17], [12], [12], [20], [18], [20], [27], [24], [34], [16], [17], [28], [17], [15], [15], [5], [7], [4], [6], [5], [1], [2], [2], [0], [0], [0]]
[[0], [0], [0], [0], [1], [1], [4], [7], [5], [4], [12], [14], [15], [21], [14], [30], [18], [31], [22], [30], [20], [26], [17], [15], [22], [9], [8], [5], [5], [2], [2], [1], [2], [2], [0], [0], [0]]
[[0], [0], [1], [1], [1], [1], [6], [8], [7], [13], [13], [11], [12], [14], [30], [29], [36], [25], [27], [33], [23], [22], [19], [18], [9], [18], [9], [9], [9], [2], [3], [3], [2], [3], [0], [0], [0]]
[[0], [0], [1], [0], [1], [1], [3], [6], [4], [7], [9], [12], [11], [19], [18], [13], [33], [28], [22], [29], [27], [27], [28], [24], [11], [20], [6], [8], [8], [1], [2], [5], [3], [1], [1], [0], [0]]