11118
11211
11220
11222
11315
11321
11322
11327
12115
12125
12215
12217
12220
13114
13126
13226
13313
13322
13326
22118
31123
31311
31324
32121
32214
32327
33125
33216
33218
33224
41216
51111
51114
51316
51323
51325
51327
52118
52214
52216
53116
53323
53325
53326
61215
61223
62112
62117
71318
72116
72121
72122
72212
72213
72215
72226
72312
72324
72325
73212
91113
91225
91323
92125
92226
92324
93123
93215
93316
1112318
1112322
1112328
131237
1312326
1312328
511238
5112323
531238
531239
711239
7212322
7212328
911238
9312315
9312316